[-6.212145805358887,0.6998668909072876,0.0,0.0,0.0,1.0] 
[-6.260293006896973,0.4698333144187927,0.0,0.0,0.7035626539008277,0.710633233135085] 
[-1.951012134552002,4.196174144744873,0.0,0.0,-0.014801563338973525,0.9998904508608543] 
[0.7569652795791626,0.3637666702270508,0.0,0.0,-0.015413976787233566,0.9998811976027965] 
[5.859365463256836,0.8332866430282593,0.0,0.0,0.050307453787164925,0.9987337783881409] 
[5.388954162597656,-3.1288862228393555,0.0,0.0,-0.7222554811010081,0.6916263586789845] 
[6.917394638061523,-2.8569746017456055,0.0,0.0,0.6889229503222439,0.7248345801072786] 
[6.840215682983398,1.9902071952819824,0.0,0.0,0.698469448248489,0.7156398744224999] 
[2.2347893714904785,4.549211502075195,0.0,0.0,-0.9982504406381969,0.05912747048238945] 
[0.8895977735519409,2.8574438095092773,0.0,0.0,-0.7106330961463648,0.7035627922662138] 
