[-1.366565465927124,0.749904453754425,0.0,0.0,-0.08995231896913616,0.9959460729939522,] 
] 
[6.909051418304443,2.1162683963775635,0.0,0.0,0.7017834086555412,0.7123903756619748,] 
] 
[1.7825136184692383,1.2530053853988647,0.0,0.0,0.9964886758835865,0.08372764678274698,] 
] 
[-0.9221454858779907,4.389248847961426,0.0,0.0,-0.9983558645163956,0.0573198725200994,] 
] 
[-6.113333225250244,3.80212664604187,0.0,0.0,-0.6344925565714692,0.7729289719342916,] 
] 
[-5.282742500305176,-3.5023558139801025,0.0,0.0,0.920983337523594,0.3896019661191429,] 
] 
[1.057027816772461,0.2778606116771698,0.0,0.0,-0.7123900717014301,0.701783717210104,] 
] 
[1.062868595123291,-3.9185800552368164,0.0,0.0,-0.6443890733741148,0.7646977979019227,] 
] 
